/local/d1/smartpixLab/fermiModels/ds8l6_padded_noscaling_qkeras_foldbatchnorm_d58w4a8model.h5
-------
dense1 (661482, 58)
[hls4ml] dense1 [0.84375    0.27734375 0.20507812 0.15625    0.17382812]
[keras]  dense1 [0.8504603  0.28398752 0.21303174 0.16403529 0.17961028]
[hls4ml] dense1 [ 0.84375     0.27734375  0.20507812  0.15625     0.17382812 -0.09570312  0.19140625 -1.1289062   0.70703125  0.41992188  0.11132812  0.78125     1.0859375   0.21289062  0.2421875  -0.84375    -0.40429688  0.08984375  0.13476562 -0.12304688 -0.77734375  0.5683594   0.6308594   0.6542969   0.4296875  -0.33789062  0.14257812  0.5644531  -0.19921875 -0.1875     -0.78125    -0.02734375  0.75390625 -0.66015625  0.45117188 -0.9003906   0.06835938  0.5214844  -0.8417969   0.7734375  -0.046875   -0.8925781   0.45117188 -0.6015625   0.11328125 -0.703125    0.1640625   0.7480469   0.5097656   0.5625      0.32421875 -0.8300781   0.59375    -0.015625    0.18359375  0.13671875 -0.8417969   0.02734375]
[keras]  dense1 [ 0.8504603   0.28398752  0.21303174  0.16403529  0.17961028 -0.08667322  0.19502547 -1.1188166   0.7162285   0.4275297   0.11885443  0.7865225   1.0937619   0.21964067  0.24884579 -0.8372355  -0.39659548  0.10167325  0.13714857 -0.11519504 -0.767792    0.5766191   0.6390976   0.66474485  0.43556124 -0.32913253  0.14905363  0.5685843  -0.19336268 -0.18059173 -0.775804   -0.02229221  0.759453   -0.65339273  0.45552924 -0.8926064   0.07743788  0.52810645 -0.83746815  0.7822764  -0.04107036 -0.88669914  0.4613158  -0.59161055  0.11798024 -0.69266355  0.16997331  0.7516761   0.5166623   0.57080305  0.33075398 -0.8263748   0.59934616 -0.00789026  0.18629792  0.14390033 -0.8367982   0.03368101]
[hls4ml] dense1 [ 0.84375     0.27734375  0.20507812  0.15625     0.17382812 -0.09570312  0.19140625 -1.1289062   0.70703125  0.41992188  0.11132812  0.78125     1.0859375   0.21289062  0.2421875  -0.84375    -0.40429688  0.08984375  0.13476562 -0.12304688 -0.77734375  0.5683594   0.6308594   0.6542969   0.4296875  -0.33789062  0.14257812  0.5644531  -0.19921875 -0.1875     -0.78125    -0.02734375  0.75390625 -0.66015625  0.45117188 -0.9003906   0.06835938  0.5214844  -0.8417969   0.7734375  -0.046875   -0.8925781   0.45117188 -0.6015625   0.11328125 -0.703125    0.1640625   0.7480469   0.5097656   0.5625      0.32421875 -0.8300781   0.59375    -0.015625    0.18359375  0.13671875 -0.8417969   0.02734375]
[keras]  dense1 [ 0.8504603   0.28398752  0.21303174  0.16403529  0.17961028 -0.08667322  0.19502547 -1.1188166   0.7162285   0.4275297   0.11885443  0.7865225   1.0937619   0.21964067  0.24884579 -0.8372355  -0.39659548  0.10167325  0.13714857 -0.11519504 -0.767792    0.5766191   0.6390976   0.66474485  0.43556124 -0.32913253  0.14905363  0.5685843  -0.19336268 -0.18059173 -0.775804   -0.02229221  0.759453   -0.65339273  0.45552924 -0.8926064   0.07743788  0.52810645 -0.83746815  0.7822764  -0.04107036 -0.88669914  0.4613158  -0.59161055  0.11798024 -0.69266355  0.16997331  0.7516761   0.5166623   0.57080305  0.33075398 -0.8263748   0.59934616 -0.00789026  0.18629792  0.14390033 -0.8367982   0.03368101]
|hls4ml - qkeras| > 0.001 indices dense1 (array([ 0,  1,  2,  3,  4,  5,  6,  7,  8,  9, 10, 11, 12, 13, 14, 15, 16, 17, 18, 19, 20, 21, 22, 23, 24, 25, 26, 27, 28, 29, 30, 31, 32, 33, 34, 35, 36, 37, 38, 39, 40, 41, 42, 43, 44, 45, 46, 47, 48, 49, 50, 51, 52, 53, 54, 55, 56, 57]),)
|1-hls4ml / qkeras| < 0.001 indices dense1 (array([ 0,  1,  2,  3,  4,  5,  6,  7,  8,  9, 10, 11, 12, 13, 14, 15, 16, 17, 18, 19, 20, 21, 22, 23, 24, 25, 26, 27, 28, 29, 30, 31, 32, 33, 34, 35, 36, 37, 38, 39, 40, 41, 42, 43, 44, 45, 46, 47, 48, 49, 50, 51, 52, 53, 54, 55, 56, 57]),)
Are there any values with integer bits (-2 to 2 excluded)? False
list of indices with integer bits? []
list of values with integer bits? []
-------
relu1 (661482, 58)
[hls4ml] relu1 [0.84375    0.27734375 0.203125   0.15625    0.171875  ]
[keras]  relu1 [0.8515625  0.28515625 0.21484375 0.1640625  0.1796875 ]
[hls4ml] relu1 [0.84375    0.27734375 0.203125   0.15625    0.171875   0.         0.19140625 0.         0.70703125 0.421875   0.109375   0.78125    0.99609375 0.2109375  0.2421875  0.         0.         0.08984375 0.1328125  0.         0.         0.5703125  0.6328125  0.65625    0.4296875  0.         0.140625   0.5625     0.         0.         0.         0.         0.75390625 0.         0.453125   0.         0.0703125  0.5234375  0.         0.7734375  0.         0.         0.453125   0.         0.11328125 0.         0.1640625  0.75       0.5078125  0.5625     0.32421875 0.         0.59375    0.         0.18359375 0.13671875 0.         0.02734375]
[keras]  relu1 [0.8515625  0.28515625 0.21484375 0.1640625  0.1796875  0.         0.1953125  0.         0.71484375 0.42578125 0.1171875  0.78515625 0.99609375 0.21875    0.25       0.         0.         0.1015625  0.13671875 0.         0.         0.578125   0.640625   0.6640625  0.4375     0.         0.1484375  0.5703125  0.         0.         0.         0.         0.7578125  0.         0.45703125 0.         0.078125   0.52734375 0.         0.78125    0.         0.         0.4609375  0.         0.1171875  0.         0.171875   0.75       0.515625   0.5703125  0.33203125 0.         0.59765625 0.         0.1875     0.14453125 0.         0.03515625]
[hls4ml] relu1 [0.84375    0.27734375 0.203125   0.15625    0.171875   0.         0.19140625 0.         0.70703125 0.421875   0.109375   0.78125    0.99609375 0.2109375  0.2421875  0.         0.         0.08984375 0.1328125  0.         0.         0.5703125  0.6328125  0.65625    0.4296875  0.         0.140625   0.5625     0.         0.         0.         0.         0.75390625 0.         0.453125   0.         0.0703125  0.5234375  0.         0.7734375  0.         0.         0.453125   0.         0.11328125 0.         0.1640625  0.75       0.5078125  0.5625     0.32421875 0.         0.59375    0.         0.18359375 0.13671875 0.         0.02734375]
[keras]  relu1 [0.8515625  0.28515625 0.21484375 0.1640625  0.1796875  0.         0.1953125  0.         0.71484375 0.42578125 0.1171875  0.78515625 0.99609375 0.21875    0.25       0.         0.         0.1015625  0.13671875 0.         0.         0.578125   0.640625   0.6640625  0.4375     0.         0.1484375  0.5703125  0.         0.         0.         0.         0.7578125  0.         0.45703125 0.         0.078125   0.52734375 0.         0.78125    0.         0.         0.4609375  0.         0.1171875  0.         0.171875   0.75       0.515625   0.5703125  0.33203125 0.         0.59765625 0.         0.1875     0.14453125 0.         0.03515625]
|hls4ml - qkeras| > 0.001 indices relu1 (array([ 0,  1,  2,  3,  4,  6,  8,  9, 10, 11, 13, 14, 17, 18, 21, 22, 23, 24, 26, 27, 32, 34, 36, 37, 39, 42, 44, 46, 48, 49, 50, 52, 54, 55, 57]),)
|1-hls4ml / qkeras| < 0.001 indices relu1 (array([ 0,  1,  2,  3,  4,  6,  8,  9, 10, 11, 13, 14, 17, 18, 21, 22, 23, 24, 26, 27, 32, 34, 36, 37, 39, 42, 44, 46, 48, 49, 50, 52, 54, 55, 57]),)
Are there any values with integer bits (-2 to 2 excluded)? False
list of indices with integer bits? []
list of values with integer bits? []
-------
dense2 (661482, 3)
[hls4ml] dense2 [-1.4550781   0.5527344  -0.36328125]
[keras]  dense2 [-1.4399414   0.6064453  -0.40966797]
[hls4ml] dense2 [-1.4550781   0.5527344  -0.36328125]
[keras]  dense2 [-1.4399414   0.6064453  -0.40966797]
[hls4ml] dense2 [-1.4550781   0.5527344  -0.36328125]
[keras]  dense2 [-1.4399414   0.6064453  -0.40966797]
|hls4ml - qkeras| > 0.001 indices dense2 (array([0, 1, 2]),)
|1-hls4ml / qkeras| < 0.001 indices dense2 (array([0, 1, 2]),)
Are there any values with integer bits (-2 to 2 excluded)? True
list of indices with integer bits? [ 6 14 14 14 16 19 20 21 22 24 25 25 25 30 37 40 41 42 42 44]
list of values with integer bits? [[-1.9052734  2.1762695 -1.5180664]
 [-2.0766602  2.7514648 -2.0541992]
 [-2.0766602  2.7514648 -2.0541992]
 [-2.0766602  2.7514648 -2.0541992]
 [-1.8105469  2.288086  -1.6435547]
 [-2.0683594  1.8657227 -1.2294922]
 [-1.8603516  2.3442383 -1.7050781]
 [-1.765625   2.3457031 -1.7128906]
 [-1.9414062  2.206543  -1.5371094]
 [-1.8432617  2.224121  -1.5981445]
 [-2.1445312  2.809082  -2.1953125]
 [-2.1445312  2.809082  -2.1953125]
 [-2.1445312  2.809082  -2.1953125]
 [-1.890625   2.2338867 -1.5786133]
 [-2.0654297  1.7861328 -1.2275391]
 [-1.8603516  2.3149414 -1.684082 ]
 [-1.925293   2.0966797 -1.4511719]
 [-2.1108398  2.46875   -1.8642578]
 [-2.1108398  2.46875   -1.8642578]
 [-1.5415039  2.4814453 -2.270996 ]]
-------
linear (661482, 3)
[hls4ml] linear [-1.         0.5546875 -0.359375 ]
[keras]  linear [-1.        0.609375 -0.40625 ]
[hls4ml] linear [-1.         0.5546875 -0.359375 ]
[keras]  linear [-1.        0.609375 -0.40625 ]
[hls4ml] linear [-1.         0.5546875 -0.359375 ]
[keras]  linear [-1.        0.609375 -0.40625 ]
|hls4ml - qkeras| > 0.001 indices linear (array([1, 2]),)
|1-hls4ml / qkeras| < 0.001 indices linear (array([1, 2]),)
Are there any values with integer bits (-2 to 2 excluded)? False
list of indices with integer bits? []
list of values with integer bits? []
