-0.95981 0.11839 62.37316 0 -3.57500 29.12500 45.14919 0.14010 13
-0.99034 -0.28203 62.37316 0 8.50000 30.05000 45.14919 0.14450 13
-0.56312 0.06896 5.33417 0 -1.97500 18.57500 4.65091 0.11576 -13
1.11448 -0.19299 22.75281 0 5.80000 -33.07500 15.34859 0.15201 13
0.53913 -0.10430 21.17904 0 3.12500 -17.10000 18.66503 0.11488 13
-0.31450 0.06610 98.13618 0 -2.00000 7.92500 93.63398 0.10578 -13
-0.50451 0.04367 5.41044 0 -1.42500 15.25000 4.83142 0.11292 13
0.28196 -0.04732 22.31653 0 1.40000 -9.82500 21.48084 0.10473 13
-1.20924 -0.14493 4.10852 0 4.17500 36.77500 2.63417 0.15862 13
0.53491 -0.20794 64.31399 0 6.27500 -15.52500 56.97397 0.11612 -13
