0.84304 -0.05257 8.74707 0 1.50000 -28.57500 6.69229 0.13180 13
0.32110 0.05229 81.07521 0 -1.57500 -7.67500 77.20305 0.10590 13
-1.05738 0.06657 16.04803 0 -1.97500 32.35000 11.03958 0.14671 -13
0.88751 -0.02514 13.37067 0 0.70000 -27.35000 10.00173 0.13467 13
-0.84310 -0.03439 28.36719 0 1.02500 23.17500 21.69283 0.13176 13
0.34552 -0.14029 49.04328 0 4.22500 -8.32500 46.40216 0.10747 13
0.10649 -0.23785 43.40096 0 7.17500 -3.87500 43.16989 0.10408 -13
0.39506 0.05443 4.41941 0 -1.75000 -12.85000 4.11121 0.10847 13
-1.29713 -0.13998 60.10610 0 4.20000 40.30000 36.92217 0.16552 13
-0.85572 0.13633 74.45397 0 -4.12500 24.25000 56.78899 0.13326 13
