-0.62223 -0.21805 31.83350 0 6.55000 19.37500 27.20103 0.12060 13
-0.16704 0.07249 34.37621 0 -2.20000 6.05000 33.90890 0.10236 13
-1.52160 -0.23569 8.08859 0 7.22500 44.72500 4.52687 0.18505 -13
-1.01384 0.13594 62.83808 0 -4.10000 32.35000 44.33123 0.14406 13
-1.03887 -0.26345 62.83808 0 7.92500 33.10000 44.33123 0.14760 13
-0.07189 -0.05166 78.08260 0 1.55000 2.80000 77.88212 0.10110 13
-0.06613 -0.03578 51.59308 0 1.07500 1.22500 51.48079 0.10099 13
-0.81725 0.08221 48.29328 0 -2.50000 23.45000 37.44441 0.13032 13
-0.63768 -0.10242 77.43861 0 3.07500 19.20000 65.39114 0.11988 13
-0.72679 -0.22380 10.57558 0 6.80000 20.05000 8.62587 0.12658 -13
