0.73345 -0.14770 15.94963 0 4.50000 -21.47500 12.90924 0.12579 -13
1.59047 0.10869 60.45533 0 -3.30000 -48.70000 32.31496 0.18952 13
0.13050 -0.11296 23.02394 0 3.42500 -5.40000 22.83271 0.10220 -13
-0.01414 0.14252 84.37924 0 -4.30000 3.15000 84.37098 0.10173 -13
-0.01445 -0.25654 84.37924 0 7.75000 3.15000 84.37098 0.10398 -13
-0.73275 0.05153 65.53492 0 -1.57500 24.27500 52.88659 0.12495 13
-0.13620 0.10370 96.58103 0 -3.12500 4.60000 95.70669 0.10216 -13
0.50136 0.13967 64.56629 0 -4.22500 -15.92500 57.82966 0.11353 13
0.51299 -0.25954 64.56629 0 7.82500 -16.27500 57.82966 0.11615 13
-0.51239 0.07901 94.98395 0 -2.40000 17.05000 84.58804 0.11343 13
