-0.79471 0.10966 54.55092 0 -3.32500 28.20000 42.80595 0.12911 13
-0.04847 -0.10930 75.13948 0 3.30000 3.17500 75.05244 0.10142 -13
-1.04075 0.06462 37.26446 0 -1.92500 31.27500 25.84705 0.14548 -13
-0.01221 -0.01627 87.73692 0 0.50000 1.50000 87.73039 0.10072 -13
-0.85757 -0.03482 46.22470 0 1.02500 26.47500 35.09804 0.13270 13
1.39871 -0.14383 12.47374 0 4.27500 -41.02500 7.30416 0.17370 13
-1.24324 0.02611 97.71214 0 -0.77500 36.42500 61.25457 0.16069 -13
1.60935 0.12501 46.13417 0 -3.80000 -46.50000 24.48493 0.19123 13
1.65620 -0.27499 46.13417 0 8.27500 -47.92500 24.48493 0.19675 13
-1.25619 -0.02115 75.52612 0 0.65000 39.30000 47.04491 0.16171 -13
