-0.85615 -0.14351 35.20663 0 4.35000 25.02500 26.85866 0.13336 -13
0.50493 -0.05329 44.06603 0 1.60000 -16.25000 39.34727 0.11294 13
-0.16629 -0.17299 43.24570 0 5.22500 6.22500 42.67658 0.10357 -13
1.88188 0.12283 37.90821 0 -3.72500 -55.75000 17.89210 0.21498 13
1.93825 -0.27733 37.90821 0 8.32500 -57.45000 17.89210 0.22135 13
0.61517 0.02348 22.88755 0 -0.67500 -19.45000 19.49550 0.11826 -13
-0.52649 0.01309 84.32245 0 -0.40000 16.40000 74.61450 0.11382 13
0.77245 -0.13664 69.56889 0 4.12500 -21.90000 55.24551 0.12798 13
-0.99975 0.12259 47.59387 0 -3.70000 30.05000 33.78386 0.14293 13
-1.02978 -0.27753 47.59387 0 8.35000 30.95000 33.78386 0.14721 13
