2.16359 -0.24475 82.85799 0 7.40000 -64.07500 35.60256 0.24131 -13
-0.82220 -0.20159 67.79213 0 6.10000 24.32500 52.78243 0.13195 -13
-0.48017 0.04516 19.80879 0 -1.32500 16.02500 17.86010 0.11180 -13
-0.80048 -0.08291 22.13978 0 2.47500 23.30000 17.30668 0.12926 13
-0.42715 -0.00995 86.43994 0 0.30000 14.40000 79.49240 0.10951 13
0.37574 0.04134 68.95714 0 -1.25000 -9.22500 64.55784 0.10766 -13
-0.70479 -0.16399 44.10220 0 4.95000 21.57500 36.20624 0.12431 -13
0.34092 0.12776 2.04693 0 -4.10000 -8.02500 1.93896 0.10743 13
0.35049 -0.27258 2.04693 0 7.95000 -8.27500 1.93896 0.11009 13
-1.27891 0.11710 82.40992 0 -3.55000 37.50000 50.97679 0.16391 13
