-1.39824 -0.02458 11.79495 0 0.67500 41.90000 6.86331 0.17311 13
-0.49009 -0.21859 60.70082 0 6.60000 13.45000 54.74931 0.11430 -13
-0.09802 -0.10185 50.91104 0 3.07500 3.60000 50.67074 0.10171 -13
-0.76504 -0.05702 90.63273 0 1.72500 25.65000 72.02625 0.12692 13
1.21937 0.09288 96.92208 0 -2.80000 -36.22500 61.61840 0.15909 13
-1.15347 -0.01608 81.14994 0 0.50000 35.80000 53.16118 0.15374 -13
-1.70421 -0.15854 86.80293 0 4.77500 51.27500 44.33623 0.19961 13
0.28436 0.11760 38.00444 0 -3.55000 -7.20000 36.57381 0.10537 13
1.55788 -0.20628 48.42003 0 6.25000 -45.97500 26.54222 0.18760 -13
0.29595 -0.17234 53.59301 0 5.20000 -9.42500 51.44950 0.10644 13
