-0.87673 -0.26305 74.45397 0 7.92500 24.87500 56.78899 0.13651 13
0.56747 -0.01190 97.89663 0 0.37500 -12.92500 85.14452 0.11579 -13
1.76106 -0.18110 93.25498 0 5.45000 -52.30000 46.61089 0.20473 13
-0.20180 0.00531 95.24464 0 -0.15000 6.10000 93.36265 0.10273 -13
0.34502 0.10265 22.02714 0 -3.12500 -10.50000 20.83419 0.10704 13
-0.57586 0.05273 7.57161 0 -1.67500 17.00000 6.56360 0.11635 13
-1.25145 0.02442 17.79653 0 -0.77500 37.32500 11.11116 0.16135 13
-1.05040 0.03165 26.83594 0 -0.92500 29.55000 18.50892 0.14608 -13
1.67927 -0.04641 12.11159 0 1.47500 -50.15000 6.20163 0.19691 -13
-0.16867 -0.24043 68.67535 0 7.25000 9.17500 67.77010 0.10496 -13
