/home/dabadjiev/smartpixels_ml_dsabadjiev/Muon_Collider_Smart_Pixels/daniel/ASIC Model_results_20260610_055759/models/ASIC Model_quantized_4bit.h5
-------
q_input_cluster (661482, 16)
[hls4ml] q_input_cluster [0.        0.        0.390625  0.40625   0.4921875]
[keras]  q_input_cluster [0.      0.      0.40625 0.40625 0.5    ]
[hls4ml] q_input_cluster [ 0.         0.         0.390625   0.40625    0.4921875  0.40625    0.484375   0.3984375  0.4921875  0.40625    0.         0.         0.         0.234375  -0.734375  -0.5703125]
[keras]  q_input_cluster [ 0.       0.       0.40625  0.40625  0.5      0.40625  0.5      0.40625  0.5      0.40625  0.       0.       0.       0.25    -0.71875 -0.5625 ]
[hls4ml] q_input_cluster [ 0.         0.         0.390625   0.40625    0.4921875  0.40625    0.484375   0.3984375  0.4921875  0.40625    0.         0.         0.         0.234375  -0.734375  -0.5703125]
[keras]  q_input_cluster [ 0.       0.       0.40625  0.40625  0.5      0.40625  0.5      0.40625  0.5      0.40625  0.       0.       0.       0.25    -0.71875 -0.5625 ]
|hls4ml - qkeras| > 0.001 indices q_input_cluster (array([ 2,  4,  6,  7,  8, 13, 14, 15]),)
|1-hls4ml / qkeras| < 0.001 indices q_input_cluster (array([ 2,  4,  6,  7,  8, 13, 14, 15]),)
Are there any values with integer bits (-2 to 2 excluded)? False
list of indices with integer bits? []
list of values with integer bits? []
-------
dense1 (661482, 58)
[hls4ml] dense1 [-2.4804688   2.3691406   0.03515625  1.59375     2.7753906 ]
[keras]  dense1 [-2.5546875   2.359375    0.01953125  1.6171875   2.7695312 ]
[hls4ml] dense1 [-2.4804688   2.3691406   0.03515625  1.59375     2.7753906  -2.2597656   2.3613281   1.6191406  -1.1015625   1.5117188   2.7753906   1.609375   -1.7871094  -1.9179688  -2.6152344   0.90625    -1.9882812  -1.6582031  -1.703125   -0.56640625 -1.6640625  -0.7871094  -1.8867188  -1.5761719   1.0332031  -2.7304688  -1.453125   -0.39257812  1.6464844   1.7050781  -0.69140625 -0.69921875  1.8691406  -3.5058594   2.4863281  -2.3574219   1.8007812   0.8828125  -3.1933594  -1.4941406   0.40820312 -1.8789062   1.7050781   0.32421875 -0.9941406  -0.421875    0.65625    -3.2460938  -1.1972656  -1.7128906  -1.5585938   0.88671875  2.4609375   0.515625   -2.2128906   0.27929688 -0.73828125  0.90625   ]
[keras]  dense1 [-2.5546875   2.359375    0.01953125  1.6171875   2.7695312  -2.2929688   2.4140625   1.6054688  -1.1171875   1.5234375   2.7695312   1.625      -1.8398438  -1.9609375  -2.609375    0.90234375 -1.96875    -1.6679688  -1.7109375  -0.578125   -1.7148438  -0.859375   -1.921875   -1.59375     1.0507812  -2.734375   -1.4648438  -0.453125    1.6601562   1.7148438  -0.62109375 -0.69140625  1.875      -3.4960938   2.484375   -2.3398438   1.7890625   0.88671875 -3.2578125  -1.4492188   0.46875    -1.9453125   1.7148438   0.27734375 -1.03125    -0.484375    0.6796875  -3.265625   -1.1835938  -1.7148438  -1.6171875   0.94140625  2.4453125   0.4921875  -2.1992188   0.2265625  -0.7734375   0.90234375]
[hls4ml] dense1 [-2.4804688   2.3691406   0.03515625  1.59375     2.7753906  -2.2597656   2.3613281   1.6191406  -1.1015625   1.5117188   2.7753906   1.609375   -1.7871094  -1.9179688  -2.6152344   0.90625    -1.9882812  -1.6582031  -1.703125   -0.56640625 -1.6640625  -0.7871094  -1.8867188  -1.5761719   1.0332031  -2.7304688  -1.453125   -0.39257812  1.6464844   1.7050781  -0.69140625 -0.69921875  1.8691406  -3.5058594   2.4863281  -2.3574219   1.8007812   0.8828125  -3.1933594  -1.4941406   0.40820312 -1.8789062   1.7050781   0.32421875 -0.9941406  -0.421875    0.65625    -3.2460938  -1.1972656  -1.7128906  -1.5585938   0.88671875  2.4609375   0.515625   -2.2128906   0.27929688 -0.73828125  0.90625   ]
[keras]  dense1 [-2.5546875   2.359375    0.01953125  1.6171875   2.7695312  -2.2929688   2.4140625   1.6054688  -1.1171875   1.5234375   2.7695312   1.625      -1.8398438  -1.9609375  -2.609375    0.90234375 -1.96875    -1.6679688  -1.7109375  -0.578125   -1.7148438  -0.859375   -1.921875   -1.59375     1.0507812  -2.734375   -1.4648438  -0.453125    1.6601562   1.7148438  -0.62109375 -0.69140625  1.875      -3.4960938   2.484375   -2.3398438   1.7890625   0.88671875 -3.2578125  -1.4492188   0.46875    -1.9453125   1.7148438   0.27734375 -1.03125    -0.484375    0.6796875  -3.265625   -1.1835938  -1.7148438  -1.6171875   0.94140625  2.4453125   0.4921875  -2.1992188   0.2265625  -0.7734375   0.90234375]
|hls4ml - qkeras| > 0.001 indices dense1 (array([ 0,  1,  2,  3,  4,  5,  6,  7,  8,  9, 10, 11, 12, 13, 14, 15, 16, 17, 18, 19, 20, 21, 22, 23, 24, 25, 26, 27, 28, 29, 30, 31, 32, 33, 34, 35, 36, 37, 38, 39, 40, 41, 42, 43, 44, 45, 46, 47, 48, 49, 50, 51, 52, 53, 54, 55, 56, 57]),)
|1-hls4ml / qkeras| < 0.001 indices dense1 (array([ 0,  1,  2,  3,  4,  5,  6,  7,  8,  9, 10, 11, 12, 13, 14, 15, 16, 17, 18, 19, 20, 21, 22, 23, 24, 25, 26, 27, 28, 29, 30, 31, 32, 33, 35, 36, 37, 38, 39, 40, 41, 42, 43, 44, 45, 46, 47, 48, 49, 50, 51, 52, 53, 54, 55, 56, 57]),)
Are there any values with integer bits (-2 to 2 excluded)? True
list of indices with integer bits? [3 3 3 3 3 3 3 3 3 3 3 3 3 3 3 3 3 3 4 4]
list of values with integer bits? [[-3.7070312   2.2070312  -0.22265625  1.0390625   2.5742188  -2.5976562   3.1210938   1.0976562  -1.2460938   1.53125     2.5742188   1.8632812  -3.3984375  -3.4882812  -2.546875    0.51171875 -1.125      -0.890625   -1.6835938  -0.6328125  -2.1835938  -1.4570312  -1.9609375  -1.640625    1.15625    -2.7109375  -1.6679688  -1.6757812   1.8203125   1.6953125  -0.23828125 -1.4023438   1.7539062  -3.          2.359375   -2.1640625   1.8007812   0.8515625  -4.2929688  -0.75        1.2695312  -2.8632812   1.6953125  -0.25       -1.1523438  -0.2109375   0.328125   -3.1875     -0.30859375 -1.9492188  -1.578125    1.5351562   2.7890625   0.16015625 -1.3046875  -1.1601562  -0.4921875   0.51171875]
 [-3.7070312   2.2070312  -0.22265625  1.0390625   2.5742188  -2.5976562   3.1210938   1.0976562  -1.2460938   1.53125     2.5742188   1.8632812  -3.3984375  -3.4882812  -2.546875    0.51171875 -1.125      -0.890625   -1.6835938  -0.6328125  -2.1835938  -1.4570312  -1.9609375  -1.640625    1.15625    -2.7109375  -1.6679688  -1.6757812   1.8203125   1.6953125  -0.23828125 -1.4023438   1.7539062  -3.          2.359375   -2.1640625   1.8007812   0.8515625  -4.2929688  -0.75        1.2695312  -2.8632812   1.6953125  -0.25       -1.1523438  -0.2109375   0.328125   -3.1875     -0.30859375 -1.9492188  -1.578125    1.5351562   2.7890625   0.16015625 -1.3046875  -1.1601562  -0.4921875   0.51171875]
 [-3.7070312   2.2070312  -0.22265625  1.0390625   2.5742188  -2.5976562   3.1210938   1.0976562  -1.2460938   1.53125     2.5742188   1.8632812  -3.3984375  -3.4882812  -2.546875    0.51171875 -1.125      -0.890625   -1.6835938  -0.6328125  -2.1835938  -1.4570312  -1.9609375  -1.640625    1.15625    -2.7109375  -1.6679688  -1.6757812   1.8203125   1.6953125  -0.23828125 -1.4023438   1.7539062  -3.          2.359375   -2.1640625   1.8007812   0.8515625  -4.2929688  -0.75        1.2695312  -2.8632812   1.6953125  -0.25       -1.1523438  -0.2109375   0.328125   -3.1875     -0.30859375 -1.9492188  -1.578125    1.5351562   2.7890625   0.16015625 -1.3046875  -1.1601562  -0.4921875   0.51171875]
 [-3.7070312   2.2070312  -0.22265625  1.0390625   2.5742188  -2.5976562   3.1210938   1.0976562  -1.2460938   1.53125     2.5742188   1.8632812  -3.3984375  -3.4882812  -2.546875    0.51171875 -1.125      -0.890625   -1.6835938  -0.6328125  -2.1835938  -1.4570312  -1.9609375  -1.640625    1.15625    -2.7109375  -1.6679688  -1.6757812   1.8203125   1.6953125  -0.23828125 -1.4023438   1.7539062  -3.          2.359375   -2.1640625   1.8007812   0.8515625  -4.2929688  -0.75        1.2695312  -2.8632812   1.6953125  -0.25       -1.1523438  -0.2109375   0.328125   -3.1875     -0.30859375 -1.9492188  -1.578125    1.5351562   2.7890625   0.16015625 -1.3046875  -1.1601562  -0.4921875   0.51171875]
 [-3.7070312   2.2070312  -0.22265625  1.0390625   2.5742188  -2.5976562   3.1210938   1.0976562  -1.2460938   1.53125     2.5742188   1.8632812  -3.3984375  -3.4882812  -2.546875    0.51171875 -1.125      -0.890625   -1.6835938  -0.6328125  -2.1835938  -1.4570312  -1.9609375  -1.640625    1.15625    -2.7109375  -1.6679688  -1.6757812   1.8203125   1.6953125  -0.23828125 -1.4023438   1.7539062  -3.          2.359375   -2.1640625   1.8007812   0.8515625  -4.2929688  -0.75        1.2695312  -2.8632812   1.6953125  -0.25       -1.1523438  -0.2109375   0.328125   -3.1875     -0.30859375 -1.9492188  -1.578125    1.5351562   2.7890625   0.16015625 -1.3046875  -1.1601562  -0.4921875   0.51171875]
 [-3.7070312   2.2070312  -0.22265625  1.0390625   2.5742188  -2.5976562   3.1210938   1.0976562  -1.2460938   1.53125     2.5742188   1.8632812  -3.3984375  -3.4882812  -2.546875    0.51171875 -1.125      -0.890625   -1.6835938  -0.6328125  -2.1835938  -1.4570312  -1.9609375  -1.640625    1.15625    -2.7109375  -1.6679688  -1.6757812   1.8203125   1.6953125  -0.23828125 -1.4023438   1.7539062  -3.          2.359375   -2.1640625   1.8007812   0.8515625  -4.2929688  -0.75        1.2695312  -2.8632812   1.6953125  -0.25       -1.1523438  -0.2109375   0.328125   -3.1875     -0.30859375 -1.9492188  -1.578125    1.5351562   2.7890625   0.16015625 -1.3046875  -1.1601562  -0.4921875   0.51171875]
 [-3.7070312   2.2070312  -0.22265625  1.0390625   2.5742188  -2.5976562   3.1210938   1.0976562  -1.2460938   1.53125     2.5742188   1.8632812  -3.3984375  -3.4882812  -2.546875    0.51171875 -1.125      -0.890625   -1.6835938  -0.6328125  -2.1835938  -1.4570312  -1.9609375  -1.640625    1.15625    -2.7109375  -1.6679688  -1.6757812   1.8203125   1.6953125  -0.23828125 -1.4023438   1.7539062  -3.          2.359375   -2.1640625   1.8007812   0.8515625  -4.2929688  -0.75        1.2695312  -2.8632812   1.6953125  -0.25       -1.1523438  -0.2109375   0.328125   -3.1875     -0.30859375 -1.9492188  -1.578125    1.5351562   2.7890625   0.16015625 -1.3046875  -1.1601562  -0.4921875   0.51171875]
 [-3.7070312   2.2070312  -0.22265625  1.0390625   2.5742188  -2.5976562   3.1210938   1.0976562  -1.2460938   1.53125     2.5742188   1.8632812  -3.3984375  -3.4882812  -2.546875    0.51171875 -1.125      -0.890625   -1.6835938  -0.6328125  -2.1835938  -1.4570312  -1.9609375  -1.640625    1.15625    -2.7109375  -1.6679688  -1.6757812   1.8203125   1.6953125  -0.23828125 -1.4023438   1.7539062  -3.          2.359375   -2.1640625   1.8007812   0.8515625  -4.2929688  -0.75        1.2695312  -2.8632812   1.6953125  -0.25       -1.1523438  -0.2109375   0.328125   -3.1875     -0.30859375 -1.9492188  -1.578125    1.5351562   2.7890625   0.16015625 -1.3046875  -1.1601562  -0.4921875   0.51171875]
 [-3.7070312   2.2070312  -0.22265625  1.0390625   2.5742188  -2.5976562   3.1210938   1.0976562  -1.2460938   1.53125     2.5742188   1.8632812  -3.3984375  -3.4882812  -2.546875    0.51171875 -1.125      -0.890625   -1.6835938  -0.6328125  -2.1835938  -1.4570312  -1.9609375  -1.640625    1.15625    -2.7109375  -1.6679688  -1.6757812   1.8203125   1.6953125  -0.23828125 -1.4023438   1.7539062  -3.          2.359375   -2.1640625   1.8007812   0.8515625  -4.2929688  -0.75        1.2695312  -2.8632812   1.6953125  -0.25       -1.1523438  -0.2109375   0.328125   -3.1875     -0.30859375 -1.9492188  -1.578125    1.5351562   2.7890625   0.16015625 -1.3046875  -1.1601562  -0.4921875   0.51171875]
 [-3.7070312   2.2070312  -0.22265625  1.0390625   2.5742188  -2.5976562   3.1210938   1.0976562  -1.2460938   1.53125     2.5742188   1.8632812  -3.3984375  -3.4882812  -2.546875    0.51171875 -1.125      -0.890625   -1.6835938  -0.6328125  -2.1835938  -1.4570312  -1.9609375  -1.640625    1.15625    -2.7109375  -1.6679688  -1.6757812   1.8203125   1.6953125  -0.23828125 -1.4023438   1.7539062  -3.          2.359375   -2.1640625   1.8007812   0.8515625  -4.2929688  -0.75        1.2695312  -2.8632812   1.6953125  -0.25       -1.1523438  -0.2109375   0.328125   -3.1875     -0.30859375 -1.9492188  -1.578125    1.5351562   2.7890625   0.16015625 -1.3046875  -1.1601562  -0.4921875   0.51171875]
 [-3.7070312   2.2070312  -0.22265625  1.0390625   2.5742188  -2.5976562   3.1210938   1.0976562  -1.2460938   1.53125     2.5742188   1.8632812  -3.3984375  -3.4882812  -2.546875    0.51171875 -1.125      -0.890625   -1.6835938  -0.6328125  -2.1835938  -1.4570312  -1.9609375  -1.640625    1.15625    -2.7109375  -1.6679688  -1.6757812   1.8203125   1.6953125  -0.23828125 -1.4023438   1.7539062  -3.          2.359375   -2.1640625   1.8007812   0.8515625  -4.2929688  -0.75        1.2695312  -2.8632812   1.6953125  -0.25       -1.1523438  -0.2109375   0.328125   -3.1875     -0.30859375 -1.9492188  -1.578125    1.5351562   2.7890625   0.16015625 -1.3046875  -1.1601562  -0.4921875   0.51171875]
 [-3.7070312   2.2070312  -0.22265625  1.0390625   2.5742188  -2.5976562   3.1210938   1.0976562  -1.2460938   1.53125     2.5742188   1.8632812  -3.3984375  -3.4882812  -2.546875    0.51171875 -1.125      -0.890625   -1.6835938  -0.6328125  -2.1835938  -1.4570312  -1.9609375  -1.640625    1.15625    -2.7109375  -1.6679688  -1.6757812   1.8203125   1.6953125  -0.23828125 -1.4023438   1.7539062  -3.          2.359375   -2.1640625   1.8007812   0.8515625  -4.2929688  -0.75        1.2695312  -2.8632812   1.6953125  -0.25       -1.1523438  -0.2109375   0.328125   -3.1875     -0.30859375 -1.9492188  -1.578125    1.5351562   2.7890625   0.16015625 -1.3046875  -1.1601562  -0.4921875   0.51171875]
 [-3.7070312   2.2070312  -0.22265625  1.0390625   2.5742188  -2.5976562   3.1210938   1.0976562  -1.2460938   1.53125     2.5742188   1.8632812  -3.3984375  -3.4882812  -2.546875    0.51171875 -1.125      -0.890625   -1.6835938  -0.6328125  -2.1835938  -1.4570312  -1.9609375  -1.640625    1.15625    -2.7109375  -1.6679688  -1.6757812   1.8203125   1.6953125  -0.23828125 -1.4023438   1.7539062  -3.          2.359375   -2.1640625   1.8007812   0.8515625  -4.2929688  -0.75        1.2695312  -2.8632812   1.6953125  -0.25       -1.1523438  -0.2109375   0.328125   -3.1875     -0.30859375 -1.9492188  -1.578125    1.5351562   2.7890625   0.16015625 -1.3046875  -1.1601562  -0.4921875   0.51171875]
 [-3.7070312   2.2070312  -0.22265625  1.0390625   2.5742188  -2.5976562   3.1210938   1.0976562  -1.2460938   1.53125     2.5742188   1.8632812  -3.3984375  -3.4882812  -2.546875    0.51171875 -1.125      -0.890625   -1.6835938  -0.6328125  -2.1835938  -1.4570312  -1.9609375  -1.640625    1.15625    -2.7109375  -1.6679688  -1.6757812   1.8203125   1.6953125  -0.23828125 -1.4023438   1.7539062  -3.          2.359375   -2.1640625   1.8007812   0.8515625  -4.2929688  -0.75        1.2695312  -2.8632812   1.6953125  -0.25       -1.1523438  -0.2109375   0.328125   -3.1875     -0.30859375 -1.9492188  -1.578125    1.5351562   2.7890625   0.16015625 -1.3046875  -1.1601562  -0.4921875   0.51171875]
 [-3.7070312   2.2070312  -0.22265625  1.0390625   2.5742188  -2.5976562   3.1210938   1.0976562  -1.2460938   1.53125     2.5742188   1.8632812  -3.3984375  -3.4882812  -2.546875    0.51171875 -1.125      -0.890625   -1.6835938  -0.6328125  -2.1835938  -1.4570312  -1.9609375  -1.640625    1.15625    -2.7109375  -1.6679688  -1.6757812   1.8203125   1.6953125  -0.23828125 -1.4023438   1.7539062  -3.          2.359375   -2.1640625   1.8007812   0.8515625  -4.2929688  -0.75        1.2695312  -2.8632812   1.6953125  -0.25       -1.1523438  -0.2109375   0.328125   -3.1875     -0.30859375 -1.9492188  -1.578125    1.5351562   2.7890625   0.16015625 -1.3046875  -1.1601562  -0.4921875   0.51171875]
 [-3.7070312   2.2070312  -0.22265625  1.0390625   2.5742188  -2.5976562   3.1210938   1.0976562  -1.2460938   1.53125     2.5742188   1.8632812  -3.3984375  -3.4882812  -2.546875    0.51171875 -1.125      -0.890625   -1.6835938  -0.6328125  -2.1835938  -1.4570312  -1.9609375  -1.640625    1.15625    -2.7109375  -1.6679688  -1.6757812   1.8203125   1.6953125  -0.23828125 -1.4023438   1.7539062  -3.          2.359375   -2.1640625   1.8007812   0.8515625  -4.2929688  -0.75        1.2695312  -2.8632812   1.6953125  -0.25       -1.1523438  -0.2109375   0.328125   -3.1875     -0.30859375 -1.9492188  -1.578125    1.5351562   2.7890625   0.16015625 -1.3046875  -1.1601562  -0.4921875   0.51171875]
 [-3.7070312   2.2070312  -0.22265625  1.0390625   2.5742188  -2.5976562   3.1210938   1.0976562  -1.2460938   1.53125     2.5742188   1.8632812  -3.3984375  -3.4882812  -2.546875    0.51171875 -1.125      -0.890625   -1.6835938  -0.6328125  -2.1835938  -1.4570312  -1.9609375  -1.640625    1.15625    -2.7109375  -1.6679688  -1.6757812   1.8203125   1.6953125  -0.23828125 -1.4023438   1.7539062  -3.          2.359375   -2.1640625   1.8007812   0.8515625  -4.2929688  -0.75        1.2695312  -2.8632812   1.6953125  -0.25       -1.1523438  -0.2109375   0.328125   -3.1875     -0.30859375 -1.9492188  -1.578125    1.5351562   2.7890625   0.16015625 -1.3046875  -1.1601562  -0.4921875   0.51171875]
 [-3.7070312   2.2070312  -0.22265625  1.0390625   2.5742188  -2.5976562   3.1210938   1.0976562  -1.2460938   1.53125     2.5742188   1.8632812  -3.3984375  -3.4882812  -2.546875    0.51171875 -1.125      -0.890625   -1.6835938  -0.6328125  -2.1835938  -1.4570312  -1.9609375  -1.640625    1.15625    -2.7109375  -1.6679688  -1.6757812   1.8203125   1.6953125  -0.23828125 -1.4023438   1.7539062  -3.          2.359375   -2.1640625   1.8007812   0.8515625  -4.2929688  -0.75        1.2695312  -2.8632812   1.6953125  -0.25       -1.1523438  -0.2109375   0.328125   -3.1875     -0.30859375 -1.9492188  -1.578125    1.5351562   2.7890625   0.16015625 -1.3046875  -1.1601562  -0.4921875   0.51171875]
 [-1.5117188   1.4804688  -0.109375    0.6328125   1.8203125  -1.625       1.0664062   0.83203125 -0.578125    1.1367188   1.8203125   0.91796875 -1.0664062  -1.3710938  -1.6132812   0.48046875 -1.109375   -1.4335938  -1.171875   -0.75390625 -1.0898438  -0.83984375 -1.375      -1.0898438   0.06640625 -1.7382812  -1.03125    -0.67578125  1.3085938   1.2929688  -0.6640625  -1.78125     1.3828125  -2.2539062   1.6054688  -1.6757812   1.4179688   0.5703125  -1.8632812  -1.109375   -0.28125    -1.0429688   1.2929688   0.67578125 -0.0234375  -0.23828125  0.08203125 -2.0898438  -0.85546875 -0.96484375 -1.265625    0.0859375   2.1992188   1.359375   -1.34375     0.63671875  0.03515625  0.48046875]
 [-1.5117188   1.4804688  -0.109375    0.6328125   1.8203125  -1.625       1.0664062   0.83203125 -0.578125    1.1367188   1.8203125   0.91796875 -1.0664062  -1.3710938  -1.6132812   0.48046875 -1.109375   -1.4335938  -1.171875   -0.75390625 -1.0898438  -0.83984375 -1.375      -1.0898438   0.06640625 -1.7382812  -1.03125    -0.67578125  1.3085938   1.2929688  -0.6640625  -1.78125     1.3828125  -2.2539062   1.6054688  -1.6757812   1.4179688   0.5703125  -1.8632812  -1.109375   -0.28125    -1.0429688   1.2929688   0.67578125 -0.0234375  -0.23828125  0.08203125 -2.0898438  -0.85546875 -0.96484375 -1.265625    0.0859375   2.1992188   1.359375   -1.34375     0.63671875  0.03515625  0.48046875]]
-------
relu1 (661482, 58)
[hls4ml] relu1 [0.         0.99609375 0.03515625 0.99609375 0.99609375]
[keras]  relu1 [0.         0.99609375 0.01953125 0.99609375 0.99609375]
[hls4ml] relu1 [0.         0.99609375 0.03515625 0.99609375 0.99609375 0.         0.99609375 0.99609375 0.         0.99609375 0.99609375 0.99609375 0.         0.         0.         0.90625    0.         0.         0.         0.         0.         0.         0.         0.         0.99609375 0.         0.         0.         0.99609375 0.99609375 0.         0.         0.99609375 0.         0.99609375 0.         0.99609375 0.8828125  0.         0.         0.40625    0.         0.99609375 0.32421875 0.         0.         0.65625    0.         0.         0.         0.         0.88671875 0.99609375 0.515625   0.         0.28125    0.         0.90625   ]
[keras]  relu1 [0.         0.99609375 0.01953125 0.99609375 0.99609375 0.         0.99609375 0.99609375 0.         0.99609375 0.99609375 0.99609375 0.         0.         0.         0.90234375 0.         0.         0.         0.         0.         0.         0.         0.         0.99609375 0.         0.         0.         0.99609375 0.99609375 0.         0.         0.99609375 0.         0.99609375 0.         0.99609375 0.88671875 0.         0.         0.46875    0.         0.99609375 0.27734375 0.         0.         0.6796875  0.         0.         0.         0.         0.94140625 0.99609375 0.4921875  0.         0.2265625  0.         0.90234375]
[hls4ml] relu1 [0.         0.99609375 0.03515625 0.99609375 0.99609375 0.         0.99609375 0.99609375 0.         0.99609375 0.99609375 0.99609375 0.         0.         0.         0.90625    0.         0.         0.         0.         0.         0.         0.         0.         0.99609375 0.         0.         0.         0.99609375 0.99609375 0.         0.         0.99609375 0.         0.99609375 0.         0.99609375 0.8828125  0.         0.         0.40625    0.         0.99609375 0.32421875 0.         0.         0.65625    0.         0.         0.         0.         0.88671875 0.99609375 0.515625   0.         0.28125    0.         0.90625   ]
[keras]  relu1 [0.         0.99609375 0.01953125 0.99609375 0.99609375 0.         0.99609375 0.99609375 0.         0.99609375 0.99609375 0.99609375 0.         0.         0.         0.90234375 0.         0.         0.         0.         0.         0.         0.         0.         0.99609375 0.         0.         0.         0.99609375 0.99609375 0.         0.         0.99609375 0.         0.99609375 0.         0.99609375 0.88671875 0.         0.         0.46875    0.         0.99609375 0.27734375 0.         0.         0.6796875  0.         0.         0.         0.         0.94140625 0.99609375 0.4921875  0.         0.2265625  0.         0.90234375]
|hls4ml - qkeras| > 0.001 indices relu1 (array([ 2, 15, 37, 40, 43, 46, 51, 53, 55, 57]),)
|1-hls4ml / qkeras| < 0.001 indices relu1 (array([ 2, 15, 37, 40, 43, 46, 51, 53, 55, 57]),)
Are there any values with integer bits (-2 to 2 excluded)? False
list of indices with integer bits? []
list of values with integer bits? []
-------
dense2 (661482, 3)
[hls4ml] dense2 [  4.5058594  -5.4121094 -13.550781 ]
[keras]  dense2 [  4.42041   -5.311035 -13.444336]
[hls4ml] dense2 [  4.5058594  -5.4121094 -13.550781 ]
[keras]  dense2 [  4.42041   -5.311035 -13.444336]
[hls4ml] dense2 [  4.5058594  -5.4121094 -13.550781 ]
[keras]  dense2 [  4.42041   -5.311035 -13.444336]
|hls4ml - qkeras| > 0.001 indices dense2 (array([0, 1, 2]),)
|1-hls4ml / qkeras| < 0.001 indices dense2 (array([0, 1, 2]),)
Are there any values with integer bits (-2 to 2 excluded)? True
list of indices with integer bits? [ 0  1  2  2  3  3  3  4  4  4  5  6  6  7  7  8  8  8  9 10]
list of values with integer bits? [[  0.74609375   1.1801758  -12.20166   ]
 [  0.12158203   1.1289062   -9.485352  ]
 [  2.0083008    0.33203125 -15.232422  ]
 [  2.0083008    0.33203125 -15.232422  ]
 [  3.5332031   -4.3320312  -12.387695  ]
 [  3.5332031   -4.3320312  -12.387695  ]
 [  3.5332031   -4.3320312  -12.387695  ]
 [  3.991211    -5.9541016  -12.761719  ]
 [  3.991211    -5.9541016  -12.761719  ]
 [  3.991211    -5.9541016  -12.761719  ]
 [  0.08447266   1.7026367  -11.15332   ]
 [  0.41064453   3.349121   -12.652832  ]
 [  0.41064453   3.349121   -12.652832  ]
 [  2.8095703   -1.5073242  -13.29834   ]
 [  2.8095703   -1.5073242  -13.29834   ]
 [  2.0058594   -3.2304688  -11.088867  ]
 [  2.0058594   -3.2304688  -11.088867  ]
 [  2.0058594   -3.2304688  -11.088867  ]
 [  0.77246094   1.715332   -11.624023  ]
 [  0.04296875   1.7998047  -10.25      ]]
-------
linear (661482, 3)
[hls4ml] linear [ 0.9921875 -1.        -1.       ]
[keras]  linear [  4.42041   -5.311035 -13.444336]
[hls4ml] linear [ 0.9921875 -1.        -1.       ]
[keras]  linear [  4.42041   -5.311035 -13.444336]
[hls4ml] linear [ 0.9921875 -1.        -1.       ]
[keras]  linear [  4.42041   -5.311035 -13.444336]
|hls4ml - qkeras| > 0.001 indices linear (array([0, 1, 2]),)
|1-hls4ml / qkeras| < 0.001 indices linear (array([0, 1, 2]),)
Are there any values with integer bits (-2 to 2 excluded)? True
list of indices with integer bits? [ 0  1  2  2  3  3  3  4  4  4  5  6  6  7  7  8  8  8  9 10]
list of values with integer bits? [[  0.74609375   1.1801758  -12.20166   ]
 [  0.12158203   1.1289062   -9.485352  ]
 [  2.0083008    0.33203125 -15.232422  ]
 [  2.0083008    0.33203125 -15.232422  ]
 [  3.5332031   -4.3320312  -12.387695  ]
 [  3.5332031   -4.3320312  -12.387695  ]
 [  3.5332031   -4.3320312  -12.387695  ]
 [  3.991211    -5.9541016  -12.761719  ]
 [  3.991211    -5.9541016  -12.761719  ]
 [  3.991211    -5.9541016  -12.761719  ]
 [  0.08447266   1.7026367  -11.15332   ]
 [  0.41064453   3.349121   -12.652832  ]
 [  0.41064453   3.349121   -12.652832  ]
 [  2.8095703   -1.5073242  -13.29834   ]
 [  2.8095703   -1.5073242  -13.29834   ]
 [  2.0058594   -3.2304688  -11.088867  ]
 [  2.0058594   -3.2304688  -11.088867  ]
 [  2.0058594   -3.2304688  -11.088867  ]
 [  0.77246094   1.715332   -11.624023  ]
 [  0.04296875   1.7998047  -10.25      ]]
